CoolingRate	Instance	BestKnown	Obtained	Optimality	Time
0.1	instance_001.txt	35035	35455	0.988154	15.68
0.1	instance_002.txt	34148	34559	0.988107	15.4
0.1	instance_003.txt	3558	3577	0.994688	0.02
0.1	instance_004.txt	3220	3228	0.997522	0.01
0.15	instance_001.txt	35035	35460	0.988015	17.54
0.15	instance_002.txt	34148	34581	0.987479	17.56
0.15	instance_003.txt	3558	3583	0.993023	0.02
0.15	instance_004.txt	3220	3245	0.992296	0.02
0.2	instance_001.txt	35035	35297	0.992577	19.94
0.2	instance_002.txt	34148	34418	0.992155	19.98
0.2	instance_003.txt	3558	3603	0.98751	0.02
0.2	instance_004.txt	3220	3235	0.995363	0.02
0.25	instance_001.txt	35035	35286	0.992887	23.34
0.25	instance_002.txt	34148	34355	0.993975	23.22
0.25	instance_003.txt	3558	3567	0.997477	0.03
0.25	instance_004.txt	3220	3222	0.999379	0.02
0.3	instance_001.txt	35035	35257	0.993703	26.71
0.3	instance_002.txt	34148	34366	0.993657	26.57
0.3	instance_003.txt	3558	3582	0.9933	0.03
0.3	instance_004.txt	3220	3222	0.999379	0.01
0.35	instance_001.txt	35035	35204	0.995199	29.85
0.35	instance_002.txt	34148	34313	0.995191	29.9
0.35	instance_003.txt	3558	3587	0.991915	0.03
0.35	instance_004.txt	3220	3222	0.999379	0.02
0.4	instance_001.txt	35035	35170	0.996162	34.97
0.4	instance_002.txt	34148	34246	0.997138	34.89
0.4	instance_003.txt	3558	3566	0.997757	0.04
0.4	instance_004.txt	3220	3223	0.999069	0.04
0.45	instance_001.txt	35035	35149	0.996757	39.82
0.45	instance_002.txt	34148	34248	0.99708	39.91
0.45	instance_003.txt	3558	3576	0.994966	0.04
0.45	instance_004.txt	3220	3225	0.99845	0.03
0.5	instance_001.txt	35035	35155	0.996587	44.83
0.5	instance_002.txt	34148	34228	0.997663	44.88
0.5	instance_003.txt	3558	3562	0.998877	0.09
0.5	instance_004.txt	3220	3221	0.99969	0.03
0.55	instance_001.txt	35035	35112	0.997807	51.36
0.55	instance_002.txt	34148	34225	0.99775	51.48
0.55	instance_003.txt	3558	3560	0.999438	0.05
0.55	instance_004.txt	3220	3220	1.0	0.04
0.6	instance_001.txt	35035	35091	0.998404	61.64
0.6	instance_002.txt	34148	34198	0.998538	59.76
0.6	instance_003.txt	3558	3561	0.999158	0.06
0.6	instance_004.txt	3220	3222	0.999379	0.05
0.65	instance_001.txt	35035	35104	0.998034	63.2
0.65	instance_002.txt	34148	34219	0.997925	53.29
0.65	instance_003.txt	3558	3562	0.998877	0.06
0.65	instance_004.txt	3220	3221	0.99969	0.07
0.7	instance_001.txt	35035	35084	0.998603	76.33
0.7	instance_002.txt	34148	34173	0.999268	86.4
0.7	instance_003.txt	3558	3561	0.999158	0.08
0.7	instance_004.txt	3220	3221	0.99969	0.08
0.75	instance_001.txt	35035	35083	0.998632	79.83
0.75	instance_002.txt	34148	34182	0.999005	73.02
0.75	instance_003.txt	3558	3560	0.999438	0.16
0.75	instance_004.txt	3220	3220	1.0	0.07
0.8	instance_001.txt	35035	35080	0.998717	87.93
0.8	instance_002.txt	34148	34238	0.997371	61.44
0.8	instance_003.txt	3558	3559	0.999719	0.11
0.8	instance_004.txt	3220	3220	1.0	0.1
0.85	instance_001.txt	35035	35059	0.999315	101.19
0.85	instance_002.txt	34148	34198	0.998538	84.77
0.85	instance_003.txt	3558	3558	1.0	0.14
0.85	instance_004.txt	3220	3220	1.0	0.11
0.9	instance_001.txt	35035	35069	0.99903	109.7
0.9	instance_002.txt	34148	34185	0.998918	117.83
0.9	instance_003.txt	3558	3562	0.998877	0.14
0.9	instance_004.txt	3220	3220	1.0	0.1
0.945	instance_001.txt	35035	35070	0.999002	176.22
0.945	instance_002.txt	34148	34201	0.99845	169.33
0.945	instance_003.txt	3558	3559	0.999719	0.17
0.945	instance_004.txt	3220	3220	1.0	0.2
0.99	instance_001.txt	35035	35072	0.998945	879.18
0.99	instance_002.txt	34148	34186	0.998888	891.47
0.99	instance_003.txt	3558	3558	1.0	0.91
0.99	instance_004.txt	3220	3220	1.0	0.95


AVERAGE OPTIMALITY BY COOLING RATE
CoolingRate	AverageOptimality
0.1	0.992118
0.15	0.990203
0.2	0.991902
0.25	0.995929
0.3	0.99501
0.35	0.995421
0.4	0.997531
0.45	0.996813
0.5	0.998204
0.55	0.998749
0.6	0.99887
0.65	0.998632
0.7	0.99918
0.75	0.999269
0.8	0.998952
0.85	0.999463
0.9	0.999206
0.945	0.999293
0.99	0.999458
===============================================

