InitialTemp	Instance	BestKnown	Obtained	Optimality	Time
1.0	instance_001.txt	35035	35150	0.996728	38.6
1.0	instance_002.txt	34148	34285	0.996004	34.34
1.0	instance_003.txt	3558	3565	0.998036	0.05
1.0	instance_004.txt	3220	3228	0.997522	0.03
5.0	instance_001.txt	35035	35130	0.997296	46.23
5.0	instance_002.txt	34148	34253	0.996935	39.44
5.0	instance_003.txt	3558	3573	0.995802	0.06
5.0	instance_004.txt	3220	3223	0.999069	0.05
10.0	instance_001.txt	35035	35108	0.997921	66.73
10.0	instance_002.txt	34148	34264	0.996615	54.73
10.0	instance_003.txt	3558	3562	0.998877	0.06
10.0	instance_004.txt	3220	3220	1.0	0.08
25.0	instance_001.txt	35035	35107	0.997949	80.53
25.0	instance_002.txt	34148	34221	0.997867	76.74
25.0	instance_003.txt	3558	3566	0.997757	0.07
25.0	instance_004.txt	3220	3222	0.999379	0.09
50.0	instance_001.txt	35035	35123	0.997495	85.33
50.0	instance_002.txt	34148	34233	0.997517	81.88
50.0	instance_003.txt	3558	3563	0.998597	0.09
50.0	instance_004.txt	3220	3220	1.0	0.1
100.0	instance_001.txt	35035	35105	0.998006	99.0
100.0	instance_002.txt	34148	34239	0.997342	93.8
100.0	instance_003.txt	3558	3564	0.998316	0.1
100.0	instance_004.txt	3220	3221	0.99969	0.09
250.0	instance_001.txt	35035	35076	0.998831	127.97
250.0	instance_002.txt	34148	34200	0.99848	122.72
250.0	instance_003.txt	3558	3558	1.0	0.14
250.0	instance_004.txt	3220	3220	1.0	0.13
500.0	instance_001.txt	35035	35109	0.997892	129.48
500.0	instance_002.txt	34148	34214	0.998071	122.5
500.0	instance_003.txt	3558	3558	1.0	0.12
500.0	instance_004.txt	3220	3221	0.99969	0.15
1000.0	instance_001.txt	35035	35138	0.997069	131.19
1000.0	instance_002.txt	34148	34213	0.9981	131.02
1000.0	instance_003.txt	3558	3562	0.998877	0.12
1000.0	instance_004.txt	3220	3221	0.99969	0.12
2000.0	instance_001.txt	35035	35097	0.998233	159.98
2000.0	instance_002.txt	34148	34206	0.998304	148.0
2000.0	instance_003.txt	3558	3565	0.998036	0.17
2000.0	instance_004.txt	3220	3225	0.99845	0.14


AVERAGE OPTIMALITY BY INITIAL TEMPERATURE
InitialTemp	AverageOptimality
1.0	0.997073
5.0	0.997275
10.0	0.998353
25.0	0.998238
50.0	0.998402
100.0	0.998339
250.0	0.999328
500.0	0.998913
1000.0	0.998434
2000.0	0.998256
