MaxNoImprovement	Instance	BestKnown	Obtained	Optimality	Time
10	instance_001.txt	35035	36072	0.971252	30.32
10	instance_002.txt	34148	35835	0.952923	22.53
10	instance_003.txt	3558	3672	0.968954	0.02
10	instance_004.txt	3220	3313	0.971929	0.03
100	instance_001.txt	35035	35544	0.98568	36.23
100	instance_002.txt	34148	34380	0.993252	43.85
100	instance_003.txt	3558	3591	0.99081	0.03
100	instance_004.txt	3220	3251	0.990464	0.04
250	instance_001.txt	35035	35106	0.997978	67.03
250	instance_002.txt	34148	34227	0.997692	58.81
250	instance_003.txt	3558	3568	0.997197	0.05
250	instance_004.txt	3220	3221	0.99969	0.06
500	instance_001.txt	35035	35100	0.998148	79.91
500	instance_002.txt	34148	34207	0.998275	62.56
500	instance_003.txt	3558	3562	0.998877	0.08
500	instance_004.txt	3220	3227	0.997831	0.06
750	instance_001.txt	35035	35113	0.997779	72.82
750	instance_002.txt	34148	34234	0.997488	64.18
750	instance_003.txt	3558	3563	0.998597	0.07
750	instance_004.txt	3220	3220	1.0	0.07
1000	instance_001.txt	35035	35072	0.998945	90.18
1000	instance_002.txt	34148	34229	0.997634	61.94
1000	instance_003.txt	3558	3563	0.998597	0.1
1000	instance_004.txt	3220	3220	1.0	0.11
1500	instance_001.txt	35035	35068	0.999059	94.94
1500	instance_002.txt	34148	34171	0.999327	98.0
1500	instance_003.txt	3558	3560	0.999438	0.13
1500	instance_004.txt	3220	3220	1.0	0.14


AVERAGE OPTIMALITY BY PARAMETER
MaxNoImprovement	AverageOptimality
10	0.966265
100	0.990052
250	0.998139
500	0.998283
750	0.998466
1000	0.998794
1500	0.999456
