================================================================================================================================================================
Instance	Initial	Avg Final	Std Final	Improvement (%)	Avg Time (s)	Std Time	Avg Iterations	Std Iterations
================================================================================================================================================================
adm_1000_1.dat	40461.0	35556.0	NaN	12.12		11.78	NaN	7000.0	NaN
adm_1000_2.dat	39377.0	34665.0	NaN	11.97		11.77	NaN	7000.0	NaN
adm_1000_3.dat	39105.0	34492.0	NaN	11.8		11.72	NaN	7000.0	NaN
adm_1000_4.dat	39295.0	34810.0	NaN	11.41		11.76	NaN	7000.0	NaN
adm_100_1.dat	4108.0	3604.0	NaN	12.27		0.01	NaN	700.0	NaN
adm_100_2.dat	3652.0	3242.0	NaN	11.23		0.02	NaN	700.0	NaN
adm_100_3.dat	4211.0	3822.0	NaN	9.24		0.01	NaN	700.0	NaN
adm_100_4.dat	3284.0	2829.0	NaN	13.86		0.01	NaN	700.0	NaN
adm_50_1.dat	2131.0	1926.0	NaN	9.62		0.0	NaN	350.0	NaN
adm_50_2.dat	2145.0	1892.0	NaN	11.79		0.0	NaN	350.0	NaN
adm_50_3.dat	1862.0	1566.0	NaN	15.9		0.0	NaN	350.0	NaN
adm_50_4.dat	2045.0	1774.0	NaN	13.25		0.0	NaN	350.0	NaN
================================================================================================================================================================