================================================================================================================================================================
Instance        Initial   Avg Final   Std Final   Improvement (%)   Avg Time (s)   Std Time   Avg Iterations   Std Iterations
================================================================================================================================================================
adm_1000_1.dat  40461.0   35083.8     9.81        13.29             205.68         6.36       120400.0         3715.0
adm_1000_2.dat  39377.0   34190.4     5.86        13.17             206.78         6.91       121200.0         4087.0
adm_1000_3.dat  39105.0   34156.0     5.79        12.66             204.99         2.56       120400.0         1517.0
adm_1000_4.dat  39295.0   34394.2     27.06       12.47             198.15         13.82      116000.0         8124.0
adm_100_1.dat   4108.0    3559.4      1.95        13.35             0.22           0.02       13120.0          776.0
adm_100_2.dat   3652.0    3220.0      0.00        11.83             0.21           0.02       12520.0          554.0
adm_100_3.dat   4211.0    3732.4      1.14        11.37             0.22           0.01       13560.0          573.0
adm_100_4.dat   3284.0    2793.2      1.10        14.95             0.23           0.02       13600.0          851.0
adm_50_1.dat    2131.0    1906.0      0.00        10.56             0.03           0.01       6880.0           256.0
adm_50_2.dat    2145.0    1888.0      0.00        11.98             0.03           0.00       7110.0           305.0
adm_50_3.dat    1862.0    1533.8      1.30        17.63             0.03           0.00       6770.0           368.0
adm_50_4.dat    2045.0    1726.6      0.89        15.57             0.03           0.01       6650.0           395.0
================================================================================================================================================================