=========================================================================================================
Instance        Initial   Final    Improvement (%)   Time (s)    Iterations
=========================================================================================================
adm_50_1.dat    2131.0    1982.0   6.99              1500.10     1145000
adm_50_2.dat    2145.0    1943.0   9.42              1579.60     1066000
adm_50_3.dat    1862.0    1636.0   12.14             1771.80     1291000
adm_50_4.dat    2045.0    1845.0   9.78              536.80      530183
adm_100_1.dat   4108.0    3911.0   4.80              1432.80     386420
adm_100_2.dat   3652.0    3446.0   5.64              761.10      380752
adm_100_3.dat   4211.0    4109.0   2.42              1374.70     560558
adm_100_4.dat   3284.0    3053.0   7.03              222.80      49430
adm_1000_1.dat  0.0       0.0      0.00              0.00        0
adm_1000_2.dat  0.0       0.0      0.00              0.00        0
adm_1000_3.dat  0.0       0.0      0.00              0.00        0
adm_1000_4.dat  0.0       0.0      0.00              0.00        0
=========================================================================================================